y(0) = 1 Error: 0
y(1) = 1.5625 Error: 1.45722e-07
y(2) = 4 Error: 9.19479e-07
y(3) = 10.5625 Error: 2.90956e-06
y(4) = 25 Error: 6.23491e-06
y(5) = 52.5625 Error: 1.08197e-05
y(6) = 100 Error: 1.65946e-05
y(7) = 175.562 Error: 2.35177e-05
y(8) = 289 Error: 3.15652e-05
y(9) = 451.562 Error: 4.07232e-05
y(10) = 676 Error: 5.09833e-05
